0 99.6618
0.1 89.8589
0.2 80.056
0.3 70.2531
0.4 60.4502
0.5 50.6472
0.6 40.8443
0.7 31.0414
0.8 21.2385
0.9 11.4356
1 1.63269
1.1 -8.17022
1.2 -17.9731
1.3 -27.776
1.4 -37.5789
1.5 -47.3819
1.6 -57.1848
1.7 -66.9877
1.8 -76.7906
1.9 -86.5935
2 -96.3964
2.1 -106.199
2.2 -116.002
2.3 -125.805
2.4 -135.608
2.5 -145.411
2.6 -155.214
2.7 -165.017
2.8 -174.82
2.9 -184.623
3 -194.426
3.1 -204.228
3.2 -214.031
3.3 -223.834
3.4 -233.637
3.5 -243.44
3.6 -253.243
3.7 -263.046
3.8 -272.849
3.9 -282.652
4 -292.455
4.1 -302.258
4.2 -312.06
4.3 -321.863
4.4 -331.666
4.5 -341.469
4.6 -351.272
4.7 -361.075
4.8 -370.878
4.9 -380.681
5 -390.484
